diameter_coefficient: 1.444589912633563
motor_intercept: -53.70169642347005
motor_slope: 2.605106434717604
